 Hypoelast_d entered
 strain:   0.0000000000000000        0.0000000000000000        0.0000000000000000        0.0000000000000000        0.0000000000000000        0.0000000000000000     
 Svol:   0.0000000000000000     
 Es   1000.0000000000000     
 Et   1000.0000000000000     
 Stress:   0.0000000000000000        0.0000000000000000        0.0000000000000000        0.0000000000000000        0.0000000000000000        0.0000000000000000     
 D
                       NaN                       NaN                       NaN                       NaN                       NaN                       NaN
                       NaN                       NaN                       NaN                       NaN                       NaN                       NaN
                       NaN                       NaN                       NaN                       NaN                       NaN                       NaN
                       NaN                       NaN                       NaN                       NaN                       NaN                       NaN
                       NaN                       NaN                       NaN                       NaN                       NaN                       NaN
                       NaN                       NaN                       NaN                       NaN                       NaN                       NaN
 Hypoelast_d entered
 strain:   0.0000000000000000        0.0000000000000000        0.0000000000000000        0.0000000000000000        0.0000000000000000        0.0000000000000000     
 Svol:   0.0000000000000000     
 Es   1000.0000000000000     
 Et   1000.0000000000000     
 Stress:   0.0000000000000000        0.0000000000000000        0.0000000000000000        0.0000000000000000        0.0000000000000000        0.0000000000000000     
 D
                       NaN                       NaN                       NaN                       NaN                       NaN                       NaN
                       NaN                       NaN                       NaN                       NaN                       NaN                       NaN
                       NaN                       NaN                       NaN                       NaN                       NaN                       NaN
                       NaN                       NaN                       NaN                       NaN                       NaN                       NaN
                       NaN                       NaN                       NaN                       NaN                       NaN                       NaN
                       NaN                       NaN                       NaN                       NaN                       NaN                       NaN
 Hypoelast_d entered
 strain:   0.0000000000000000        0.0000000000000000        0.0000000000000000        0.0000000000000000        0.0000000000000000        0.0000000000000000     
 Svol:   0.0000000000000000     
 Es   1000.0000000000000     
 Et   1000.0000000000000     
 Stress:   0.0000000000000000        0.0000000000000000        0.0000000000000000        0.0000000000000000        0.0000000000000000        0.0000000000000000     
 D
                       NaN                       NaN                       NaN                       NaN                       NaN                       NaN
                       NaN                       NaN                       NaN                       NaN                       NaN                       NaN
                       NaN                       NaN                       NaN                       NaN                       NaN                       NaN
                       NaN                       NaN                       NaN                       NaN                       NaN                       NaN
                       NaN                       NaN                       NaN                       NaN                       NaN                       NaN
                       NaN                       NaN                       NaN                       NaN                       NaN                       NaN
 Hypoelast_d entered
 strain:   0.0000000000000000        0.0000000000000000        0.0000000000000000        0.0000000000000000        0.0000000000000000        0.0000000000000000     
 Svol:   0.0000000000000000     
 Es   1000.0000000000000     
 Et   1000.0000000000000     
 Stress:   0.0000000000000000        0.0000000000000000        0.0000000000000000        0.0000000000000000        0.0000000000000000        0.0000000000000000     
 D
                       NaN                       NaN                       NaN                       NaN                       NaN                       NaN
                       NaN                       NaN                       NaN                       NaN                       NaN                       NaN
                       NaN                       NaN                       NaN                       NaN                       NaN                       NaN
                       NaN                       NaN                       NaN                       NaN                       NaN                       NaN
                       NaN                       NaN                       NaN                       NaN                       NaN                       NaN
                       NaN                       NaN                       NaN                       NaN                       NaN                       NaN
 Hypoelast_d entered
 strain:   0.0000000000000000        0.0000000000000000        0.0000000000000000        0.0000000000000000        0.0000000000000000        0.0000000000000000     
 Svol:   0.0000000000000000     
 Es   1000.0000000000000     
 Et   1000.0000000000000     
 Stress:   0.0000000000000000        0.0000000000000000        0.0000000000000000        0.0000000000000000        0.0000000000000000        0.0000000000000000     
 D
                       NaN                       NaN                       NaN                       NaN                       NaN                       NaN
                       NaN                       NaN                       NaN                       NaN                       NaN                       NaN
                       NaN                       NaN                       NaN                       NaN                       NaN                       NaN
                       NaN                       NaN                       NaN                       NaN                       NaN                       NaN
                       NaN                       NaN                       NaN                       NaN                       NaN                       NaN
                       NaN                       NaN                       NaN                       NaN                       NaN                       NaN
 Hypoelast_d entered
 strain:   0.0000000000000000        0.0000000000000000        0.0000000000000000        0.0000000000000000        0.0000000000000000        0.0000000000000000     
 Svol:   0.0000000000000000     
 Es   1000.0000000000000     
 Et   1000.0000000000000     
 Stress:   0.0000000000000000        0.0000000000000000        0.0000000000000000        0.0000000000000000        0.0000000000000000        0.0000000000000000     
 D
                       NaN                       NaN                       NaN                       NaN                       NaN                       NaN
                       NaN                       NaN                       NaN                       NaN                       NaN                       NaN
                       NaN                       NaN                       NaN                       NaN                       NaN                       NaN
                       NaN                       NaN                       NaN                       NaN                       NaN                       NaN
                       NaN                       NaN                       NaN                       NaN                       NaN                       NaN
                       NaN                       NaN                       NaN                       NaN                       NaN                       NaN
 Hypoelast_d entered
 strain:   0.0000000000000000        0.0000000000000000        0.0000000000000000        0.0000000000000000        0.0000000000000000        0.0000000000000000     
 Svol:   0.0000000000000000     
 Es   1000.0000000000000     
 Et   1000.0000000000000     
 Stress:   0.0000000000000000        0.0000000000000000        0.0000000000000000        0.0000000000000000        0.0000000000000000        0.0000000000000000     
 D
                       NaN                       NaN                       NaN                       NaN                       NaN                       NaN
                       NaN                       NaN                       NaN                       NaN                       NaN                       NaN
                       NaN                       NaN                       NaN                       NaN                       NaN                       NaN
                       NaN                       NaN                       NaN                       NaN                       NaN                       NaN
                       NaN                       NaN                       NaN                       NaN                       NaN                       NaN
                       NaN                       NaN                       NaN                       NaN                       NaN                       NaN
 Hypoelast_d entered
 strain:   0.0000000000000000        0.0000000000000000        0.0000000000000000        0.0000000000000000        0.0000000000000000        0.0000000000000000     
 Svol:   0.0000000000000000     
 Es   1000.0000000000000     
 Et   1000.0000000000000     
 Stress:   0.0000000000000000        0.0000000000000000        0.0000000000000000        0.0000000000000000        0.0000000000000000        0.0000000000000000     
 D
                       NaN                       NaN                       NaN                       NaN                       NaN                       NaN
                       NaN                       NaN                       NaN                       NaN                       NaN                       NaN
                       NaN                       NaN                       NaN                       NaN                       NaN                       NaN
                       NaN                       NaN                       NaN                       NaN                       NaN                       NaN
                       NaN                       NaN                       NaN                       NaN                       NaN                       NaN
                       NaN                       NaN                       NaN                       NaN                       NaN                       NaN
 Hypoelast_d entered
 strain:  -4.9800563983704407E-008   1.2400281991852204E-008   1.2400281991852204E-008  -6.2200845975556614E-008  -6.2200845975556614E-008   0.0000000000000000     
 Svol:  -2.4999999999999999E-008
 Es   999.70218075001856     
 Et   999.40453708398002     
 Stress:  -5.2636587273893309E-005  -1.1181706363053344E-005  -1.1181706363053344E-005  -2.0727440455419987E-005  -2.0727440455419987E-005   0.0000000000000000     
 D
   1444.2591659038237        777.87041704808814        777.87041704808814       -3.9685822138471855E-002  -3.9685822138471855E-002   0.0000000000000000     
   777.87041704808814        1444.2988517259621        777.83073122594976        1.9842911069235927E-002   1.9842911069235927E-002   0.0000000000000000     
   777.87041704808814        777.83073122594976        1444.2988517259621        1.9842911069235927E-002   1.9842911069235927E-002   0.0000000000000000     
  -3.9685822138471855E-002   1.9842911069235927E-002   1.9842911069235927E-002   333.20429588340232       -2.9764366603853887E-002   0.0000000000000000     
  -3.9685822138471855E-002   1.9842911069235927E-002   1.9842911069235927E-002  -2.9764366603853887E-002   333.20429588340232        0.0000000000000000     
   0.0000000000000000        0.0000000000000000        0.0000000000000000        0.0000000000000000        0.0000000000000000        333.23406025000617     
 Hypoelast_d entered
 strain:  -4.9800563983704407E-008   1.2400281991852204E-008   1.2400281991852204E-008  -1.6666666965803857E-008  -1.6666666965803857E-008   0.0000000000000000     
 Svol:  -2.4999999999999999E-008
 Es   999.80172018079929     
 Et   999.60351819745540     
 Stress:  -5.2639339023583304E-005  -1.1180330488208345E-005  -1.1180330488208345E-005  -5.5544541006970665E-006  -5.5544541006970665E-006   0.0000000000000000     
 D
   1444.2767947980808        777.86160260095960        777.86160260095960       -1.5981551869298054E-002  -1.5981551869298054E-002   0.0000000000000000     
   777.86160260095960        1444.3364387597867        777.80195863925371        7.9907759346490269E-003   7.9907759346490269E-003   0.0000000000000000     
   777.86160260095960        777.80195863925371        1444.3364387597867        7.9907759346490269E-003   7.9907759346490269E-003   0.0000000000000000     
  -1.5981551869298054E-002   7.9907759346490269E-003   7.9907759346490269E-003   333.26402837722873       -3.2116830377232728E-003   0.0000000000000000     
  -1.5981551869298054E-002   7.9907759346490269E-003   7.9907759346490269E-003  -3.2116830377232728E-003   333.26402837722873        0.0000000000000000     
   0.0000000000000000        0.0000000000000000        0.0000000000000000        0.0000000000000000        0.0000000000000000        333.26724006026643     
 Hypoelast_d entered
 strain:  -1.9444444643869237E-008  -2.7777776780653812E-009  -2.7777776780653812E-009  -6.2200845975556614E-008  -1.6666666965803857E-008   0.0000000000000000     
 Svol:  -2.4999999999999999E-008
 Es   999.82370046482561     
 Et   999.64746246637526     
 Stress:  -3.2406101617851057E-005  -2.1296949191074472E-005  -2.1296949191074472E-005  -2.0729959998441223E-005  -5.5545762133882928E-006   0.0000000000000000     
 D
   1444.3596667418728        777.82016662906358        777.82016662906358       -1.7976411910464150E-002  -4.8167652039580603E-003   0.0000000000000000     
   777.82016662906358        1444.3644835070768        777.81534986385964        8.9882059552320748E-003   2.4083826019790301E-003   0.0000000000000000     
   777.82016662906358        777.81534986385964        1444.3644835070768        8.9882059552320748E-003   2.4083826019790301E-003   0.0000000000000000     
  -1.7976411910464150E-002   8.9882059552320748E-003   8.9882059552320748E-003   333.22425016123202       -1.3482308932848115E-002   0.0000000000000000     
  -4.8167652039580603E-003   2.4083826019790301E-003   2.4083826019790301E-003  -1.3482308932848115E-002   333.27095424770556        0.0000000000000000     
   0.0000000000000000        0.0000000000000000        0.0000000000000000        0.0000000000000000        0.0000000000000000        333.27456682160852     
 Hypoelast_d entered
 strain:  -1.9444444643869237E-008  -2.7777776780653812E-009  -2.7777776780653812E-009  -1.6666666965803857E-008  -4.4658200928356702E-009   0.0000000000000000     
 Svol:  -2.4999999999999999E-008
 Es   999.93218387323202     
 Et   999.86437685282920     
 Stress:  -3.2406905198668491E-005  -2.1296547400665754E-005  -2.1296547400665754E-005  -5.5551788990013675E-006  -1.4885057460713770E-006   0.0000000000000000     
 D
   1444.3975971809389        777.80120140953056        777.80120140953056       -1.2530072039811213E-002  -3.3574227885442400E-003   0.0000000000000000     
   777.80120140953056        1444.4101272529788        777.78867133749077        6.2650360199056065E-003   1.6787113942721200E-003   0.0000000000000000     
   777.80120140953056        777.78867133749077        1444.4101272529788        6.2650360199056065E-003   1.6787113942721200E-003   0.0000000000000000     
  -1.2530072039811213E-002   6.2650360199056065E-003   6.2650360199056065E-003   333.30133040371413       -2.5180670914081798E-003   0.0000000000000000     
  -3.3574227885442400E-003   1.6787113942721200E-003   1.6787113942721200E-003  -2.5180670914081798E-003   333.31005324367942        0.0000000000000000     
   0.0000000000000000        0.0000000000000000        0.0000000000000000        0.0000000000000000        0.0000000000000000        333.31072795774401     
 Hypoelast_d entered
 strain:  -1.9444444643869237E-008  -2.7777776780653812E-009  -2.7777776780653812E-009  -1.6666666965803857E-008  -6.2200845975556614E-008   0.0000000000000000     
 Svol:  -2.4999999999999999E-008
 Es   999.82370046482561     
 Et   999.64746246637526     
 Stress:  -3.2406101617851057E-005  -2.1296949191074472E-005  -2.1296949191074472E-005  -5.5545762133882928E-006  -2.0729959998441223E-005   0.0000000000000000     
 D
   1444.3596667418728        777.82016662906358        777.82016662906358       -4.8167652039580603E-003  -1.7976411910464150E-002   0.0000000000000000     
   777.82016662906358        1444.3644835070768        777.81534986385964        2.4083826019790301E-003   8.9882059552320748E-003   0.0000000000000000     
   777.82016662906358        777.81534986385964        1444.3644835070768        2.4083826019790301E-003   8.9882059552320748E-003   0.0000000000000000     
  -4.8167652039580603E-003   2.4083826019790301E-003   2.4083826019790301E-003   333.27095424770556       -1.3482308932848115E-002   0.0000000000000000     
  -1.7976411910464150E-002   8.9882059552320748E-003   8.9882059552320748E-003  -1.3482308932848115E-002   333.22425016123202        0.0000000000000000     
   0.0000000000000000        0.0000000000000000        0.0000000000000000        0.0000000000000000        0.0000000000000000        333.27456682160852     
 Hypoelast_d entered
 strain:  -1.9444444643869237E-008  -2.7777776780653812E-009  -2.7777776780653812E-009  -4.4658200928356702E-009  -1.6666666965803857E-008   0.0000000000000000     
 Svol:  -2.4999999999999999E-008
 Es   999.93218387323202     
 Et   999.86437685282920     
 Stress:  -3.2406905198668491E-005  -2.1296547400665754E-005  -2.1296547400665754E-005  -1.4885057460713770E-006  -5.5551788990013675E-006   0.0000000000000000     
 D
   1444.3975971809389        777.80120140953056        777.80120140953056       -3.3574227885442400E-003  -1.2530072039811213E-002   0.0000000000000000     
   777.80120140953056        1444.4101272529788        777.78867133749077        1.6787113942721200E-003   6.2650360199056065E-003   0.0000000000000000     
   777.80120140953056        777.78867133749077        1444.4101272529788        1.6787113942721200E-003   6.2650360199056065E-003   0.0000000000000000     
  -3.3574227885442400E-003   1.6787113942721200E-003   1.6787113942721200E-003   333.31005324367942       -2.5180670914081798E-003   0.0000000000000000     
  -1.2530072039811213E-002   6.2650360199056065E-003   6.2650360199056065E-003  -2.5180670914081798E-003   333.30133040371413        0.0000000000000000     
   0.0000000000000000        0.0000000000000000        0.0000000000000000        0.0000000000000000        0.0000000000000000        333.31072795774401     
 Hypoelast_d entered
 strain:  -1.1310546728557113E-008  -6.8447266357214432E-009  -6.8447266357214432E-009  -1.6666666965803857E-008  -1.6666666965803857E-008   0.0000000000000000     
 Svol:  -2.4999999999999999E-008
 Es   999.93669541882934     
 Et   999.87339877281511     
 Stress:  -2.6984683282651157E-005  -2.4007658358674420E-005  -2.4007658358674420E-005  -5.5552039631440243E-006  -5.5552039631440243E-006   0.0000000000000000     
 D
   1444.4150240644099        777.79248796779507        777.79248796779507       -3.5967935950496997E-003  -3.5967935950496997E-003   0.0000000000000000     
   777.79248796779507        1444.4159878223788        777.79152420982598        1.7983967975248498E-003   1.7983967975248498E-003   0.0000000000000000     
   777.79248796779507        777.79152420982598        1444.4159878223788        1.7983967975248498E-003   1.7983967975248498E-003   0.0000000000000000     
  -3.5967935950496997E-003   1.7983967975248498E-003   1.7983967975248498E-003   333.30216424425862       -1.0067562017825042E-002   0.0000000000000000     
  -3.5967935950496997E-003   1.7983967975248498E-003   1.7983967975248498E-003  -1.0067562017825042E-002   333.30216424425862        0.0000000000000000     
   0.0000000000000000        0.0000000000000000        0.0000000000000000        0.0000000000000000        0.0000000000000000        333.31223180627643     
 Hypoelast_d entered
 strain:  -1.1310546728557113E-008  -6.8447266357214432E-009  -6.8447266357214432E-009  -4.4658200928356702E-009  -4.4658200928356702E-009   0.0000000000000000     
 Svol:  -2.4999999999999999E-008
 Es   999.97860582931071     
 Et   999.95721256487536     
 Stress:  -2.6984766466808148E-005  -2.4007616766595924E-005  -2.4007616766595924E-005  -1.4885748501061121E-006  -1.4885748501061121E-006   0.0000000000000000     
 D
   1444.4311326771274        777.78443366143631        777.78443366143631       -2.8524352580461708E-003  -2.8524352580461708E-003   0.0000000000000000     
   777.78443366143631        1444.4339851123855        777.78158122617822        1.4262176290230854E-003   1.4262176290230854E-003   0.0000000000000000     
   777.78443366143631        777.78158122617822        1444.4339851123855        1.4262176290230854E-003   1.4262176290230854E-003   0.0000000000000000     
  -2.8524352580461708E-003   1.4262176290230854E-003   1.4262176290230854E-003   333.32406261666006       -2.1393264435346283E-003   0.0000000000000000     
  -2.8524352580461708E-003   1.4262176290230854E-003   1.4262176290230854E-003  -2.1393264435346283E-003   333.32406261666006        0.0000000000000000     
   0.0000000000000000        0.0000000000000000        0.0000000000000000        0.0000000000000000        0.0000000000000000        333.32620194310357     
 Hypoelast_d entered
 strain:   1.2400281991852204E-008  -4.9800563983704407E-008   1.2400281991852204E-008  -6.2200845975556614E-008   0.0000000000000000       -6.2200845975556614E-008
 Svol:  -2.4999999999999999E-008
 Es   999.70218075001856     
 Et   999.40453708398002     
 Stress:  -1.1181706363053344E-005  -5.2636587273893309E-005  -1.1181706363053344E-005  -2.0727440455419987E-005   0.0000000000000000       -2.0727440455419987E-005
 D
   1444.2988517259621        777.87041704808814        777.83073122594976        1.9842911069235927E-002   0.0000000000000000        1.9842911069235927E-002
   777.87041704808814        1444.2591659038237        777.87041704808814       -3.9685822138471855E-002   0.0000000000000000       -3.9685822138471855E-002
   777.83073122594976        777.87041704808814        1444.2988517259621        1.9842911069235927E-002   0.0000000000000000        1.9842911069235927E-002
   1.9842911069235927E-002  -3.9685822138471855E-002   1.9842911069235927E-002   333.20429588340232        0.0000000000000000       -2.9764366603853887E-002
   0.0000000000000000        0.0000000000000000        0.0000000000000000        0.0000000000000000        333.23406025000617        0.0000000000000000     
   1.9842911069235927E-002  -3.9685822138471855E-002   1.9842911069235927E-002  -2.9764366603853887E-002   0.0000000000000000        333.20429588340232     
 Hypoelast_d entered
 strain:  -2.7777776780653812E-009  -1.9444444643869237E-008  -2.7777776780653812E-009  -6.2200845975556614E-008   0.0000000000000000       -1.6666666965803857E-008
 Svol:  -2.4999999999999999E-008
 Es   999.82370046482561     
 Et   999.64746246637526     
 Stress:  -2.1296949191074472E-005  -3.2406101617851057E-005  -2.1296949191074472E-005  -2.0729959998441223E-005   0.0000000000000000       -5.5545762133882928E-006
 D
   1444.3644835070768        777.82016662906358        777.81534986385964        8.9882059552320748E-003   0.0000000000000000        2.4083826019790301E-003
   777.82016662906358        1444.3596667418728        777.82016662906358       -1.7976411910464150E-002   0.0000000000000000       -4.8167652039580603E-003
   777.81534986385964        777.82016662906358        1444.3644835070768        8.9882059552320748E-003   0.0000000000000000        2.4083826019790301E-003
   8.9882059552320748E-003  -1.7976411910464150E-002   8.9882059552320748E-003   333.22425016123202        0.0000000000000000       -1.3482308932848115E-002
   0.0000000000000000        0.0000000000000000        0.0000000000000000        0.0000000000000000        333.27456682160852        0.0000000000000000     
   2.4083826019790301E-003  -4.8167652039580603E-003   2.4083826019790301E-003  -1.3482308932848115E-002   0.0000000000000000        333.27095424770556     
 Hypoelast_d entered
 strain:   1.2400281991852204E-008  -4.9800563983704407E-008   1.2400281991852204E-008  -1.6666666965803857E-008   0.0000000000000000       -1.6666666965803857E-008
 Svol:  -2.4999999999999999E-008
 Es   999.80172018079929     
 Et   999.60351819745540     
 Stress:  -1.1180330488208345E-005  -5.2639339023583304E-005  -1.1180330488208345E-005  -5.5544541006970665E-006   0.0000000000000000       -5.5544541006970665E-006
 D
   1444.3364387597867        777.86160260095960        777.80195863925371        7.9907759346490269E-003   0.0000000000000000        7.9907759346490269E-003
   777.86160260095960        1444.2767947980808        777.86160260095960       -1.5981551869298054E-002   0.0000000000000000       -1.5981551869298054E-002
   777.80195863925371        777.86160260095960        1444.3364387597867        7.9907759346490269E-003   0.0000000000000000        7.9907759346490269E-003
   7.9907759346490269E-003  -1.5981551869298054E-002   7.9907759346490269E-003   333.26402837722873        0.0000000000000000       -3.2116830377232728E-003
   0.0000000000000000        0.0000000000000000        0.0000000000000000        0.0000000000000000        333.26724006026643        0.0000000000000000     
   7.9907759346490269E-003  -1.5981551869298054E-002   7.9907759346490269E-003  -3.2116830377232728E-003   0.0000000000000000        333.26402837722873     
 Hypoelast_d entered
 strain:  -2.7777776780653812E-009  -1.9444444643869237E-008  -2.7777776780653812E-009  -1.6666666965803857E-008   0.0000000000000000       -4.4658200928356702E-009
 Svol:  -2.4999999999999999E-008
 Es   999.93218387323202     
 Et   999.86437685282920     
 Stress:  -2.1296547400665754E-005  -3.2406905198668491E-005  -2.1296547400665754E-005  -5.5551788990013675E-006   0.0000000000000000       -1.4885057460713770E-006
 D
   1444.4101272529788        777.80120140953056        777.78867133749077        6.2650360199056065E-003   0.0000000000000000        1.6787113942721200E-003
   777.80120140953056        1444.3975971809389        777.80120140953056       -1.2530072039811213E-002   0.0000000000000000       -3.3574227885442400E-003
   777.78867133749077        777.80120140953056        1444.4101272529788        6.2650360199056065E-003   0.0000000000000000        1.6787113942721200E-003
   6.2650360199056065E-003  -1.2530072039811213E-002   6.2650360199056065E-003   333.30133040371413        0.0000000000000000       -2.5180670914081798E-003
   0.0000000000000000        0.0000000000000000        0.0000000000000000        0.0000000000000000        333.31072795774401        0.0000000000000000     
   1.6787113942721200E-003  -3.3574227885442400E-003   1.6787113942721200E-003  -2.5180670914081798E-003   0.0000000000000000        333.31005324367942     
 Hypoelast_d entered
 strain:  -2.7777776780653812E-009  -1.9444444643869237E-008  -2.7777776780653812E-009  -1.6666666965803857E-008   0.0000000000000000       -6.2200845975556614E-008
 Svol:  -2.4999999999999999E-008
 Es   999.82370046482561     
 Et   999.64746246637526     
 Stress:  -2.1296949191074472E-005  -3.2406101617851057E-005  -2.1296949191074472E-005  -5.5545762133882928E-006   0.0000000000000000       -2.0729959998441223E-005
 D
   1444.3644835070768        777.82016662906358        777.81534986385964        2.4083826019790301E-003   0.0000000000000000        8.9882059552320748E-003
   777.82016662906358        1444.3596667418728        777.82016662906358       -4.8167652039580603E-003   0.0000000000000000       -1.7976411910464150E-002
   777.81534986385964        777.82016662906358        1444.3644835070768        2.4083826019790301E-003   0.0000000000000000        8.9882059552320748E-003
   2.4083826019790301E-003  -4.8167652039580603E-003   2.4083826019790301E-003   333.27095424770556        0.0000000000000000       -1.3482308932848115E-002
   0.0000000000000000        0.0000000000000000        0.0000000000000000        0.0000000000000000        333.27456682160852        0.0000000000000000     
   8.9882059552320748E-003  -1.7976411910464150E-002   8.9882059552320748E-003  -1.3482308932848115E-002   0.0000000000000000        333.22425016123202     
 Hypoelast_d entered
 strain:  -6.8447266357214432E-009  -1.1310546728557113E-008  -6.8447266357214432E-009  -1.6666666965803857E-008   0.0000000000000000       -1.6666666965803857E-008
 Svol:  -2.4999999999999999E-008
 Es   999.93669541882934     
 Et   999.87339877281511     
 Stress:  -2.4007658358674420E-005  -2.6984683282651157E-005  -2.4007658358674420E-005  -5.5552039631440243E-006   0.0000000000000000       -5.5552039631440243E-006
 D
   1444.4159878223788        777.79248796779507        777.79152420982598        1.7983967975248498E-003   0.0000000000000000        1.7983967975248498E-003
   777.79248796779507        1444.4150240644099        777.79248796779507       -3.5967935950496997E-003   0.0000000000000000       -3.5967935950496997E-003
   777.79152420982598        777.79248796779507        1444.4159878223788        1.7983967975248498E-003   0.0000000000000000        1.7983967975248498E-003
   1.7983967975248498E-003  -3.5967935950496997E-003   1.7983967975248498E-003   333.30216424425862        0.0000000000000000       -1.0067562017825042E-002
   0.0000000000000000        0.0000000000000000        0.0000000000000000        0.0000000000000000        333.31223180627643        0.0000000000000000     
   1.7983967975248498E-003  -3.5967935950496997E-003   1.7983967975248498E-003  -1.0067562017825042E-002   0.0000000000000000        333.30216424425862     
 Hypoelast_d entered
 strain:  -2.7777776780653812E-009  -1.9444444643869237E-008  -2.7777776780653812E-009  -4.4658200928356702E-009   0.0000000000000000       -1.6666666965803857E-008
 Svol:  -2.4999999999999999E-008
 Es   999.93218387323202     
 Et   999.86437685282920     
 Stress:  -2.1296547400665754E-005  -3.2406905198668491E-005  -2.1296547400665754E-005  -1.4885057460713770E-006   0.0000000000000000       -5.5551788990013675E-006
 D
   1444.4101272529788        777.80120140953056        777.78867133749077        1.6787113942721200E-003   0.0000000000000000        6.2650360199056065E-003
   777.80120140953056        1444.3975971809389        777.80120140953056       -3.3574227885442400E-003   0.0000000000000000       -1.2530072039811213E-002
   777.78867133749077        777.80120140953056        1444.4101272529788        1.6787113942721200E-003   0.0000000000000000        6.2650360199056065E-003
   1.6787113942721200E-003  -3.3574227885442400E-003   1.6787113942721200E-003   333.31005324367942        0.0000000000000000       -2.5180670914081798E-003
   0.0000000000000000        0.0000000000000000        0.0000000000000000        0.0000000000000000        333.31072795774401        0.0000000000000000     
   6.2650360199056065E-003  -1.2530072039811213E-002   6.2650360199056065E-003  -2.5180670914081798E-003   0.0000000000000000        333.30133040371413     
 Hypoelast_d entered
 strain:  -6.8447266357214432E-009  -1.1310546728557113E-008  -6.8447266357214432E-009  -4.4658200928356702E-009   0.0000000000000000       -4.4658200928356702E-009
 Svol:  -2.4999999999999999E-008
 Es   999.97860582931071     
 Et   999.95721256487536     
 Stress:  -2.4007616766595924E-005  -2.6984766466808148E-005  -2.4007616766595924E-005  -1.4885748501061121E-006   0.0000000000000000       -1.4885748501061121E-006
 D
   1444.4339851123855        777.78443366143631        777.78158122617822        1.4262176290230854E-003   0.0000000000000000        1.4262176290230854E-003
   777.78443366143631        1444.4311326771274        777.78443366143631       -2.8524352580461708E-003   0.0000000000000000       -2.8524352580461708E-003
   777.78158122617822        777.78443366143631        1444.4339851123855        1.4262176290230854E-003   0.0000000000000000        1.4262176290230854E-003
   1.4262176290230854E-003  -2.8524352580461708E-003   1.4262176290230854E-003   333.32406261666006        0.0000000000000000       -2.1393264435346283E-003
   0.0000000000000000        0.0000000000000000        0.0000000000000000        0.0000000000000000        333.32620194310357        0.0000000000000000     
   1.4262176290230854E-003  -2.8524352580461708E-003   1.4262176290230854E-003  -2.1393264435346283E-003   0.0000000000000000        333.32406261666006     
 Hypoelast_d entered
 strain:   1.2400281991852204E-008   1.2400281991852204E-008  -4.9800563983704407E-008   0.0000000000000000       -6.2200845975556614E-008  -6.2200845975556614E-008
 Svol:  -2.4999999999999999E-008
 Es   999.70218075001856     
 Et   999.40453708398002     
 Stress:  -1.1181706363053344E-005  -1.1181706363053344E-005  -5.2636587273893309E-005   0.0000000000000000       -2.0727440455419987E-005  -2.0727440455419987E-005
 D
   1444.2988517259621        777.83073122594976        777.87041704808814        0.0000000000000000        1.9842911069235927E-002   1.9842911069235927E-002
   777.83073122594976        1444.2988517259621        777.87041704808814        0.0000000000000000        1.9842911069235927E-002   1.9842911069235927E-002
   777.87041704808814        777.87041704808814        1444.2591659038237        0.0000000000000000       -3.9685822138471855E-002  -3.9685822138471855E-002
   0.0000000000000000        0.0000000000000000        0.0000000000000000        333.23406025000617        0.0000000000000000        0.0000000000000000     
   1.9842911069235927E-002   1.9842911069235927E-002  -3.9685822138471855E-002   0.0000000000000000        333.20429588340232       -2.9764366603853887E-002
   1.9842911069235927E-002   1.9842911069235927E-002  -3.9685822138471855E-002   0.0000000000000000       -2.9764366603853887E-002   333.20429588340232     
 Hypoelast_d entered
 strain:  -2.7777776780653812E-009  -2.7777776780653812E-009  -1.9444444643869237E-008   0.0000000000000000       -6.2200845975556614E-008  -1.6666666965803857E-008
 Svol:  -2.4999999999999999E-008
 Es   999.82370046482561     
 Et   999.64746246637526     
 Stress:  -2.1296949191074472E-005  -2.1296949191074472E-005  -3.2406101617851057E-005   0.0000000000000000       -2.0729959998441223E-005  -5.5545762133882928E-006
 D
   1444.3644835070768        777.81534986385964        777.82016662906358        0.0000000000000000        8.9882059552320748E-003   2.4083826019790301E-003
   777.81534986385964        1444.3644835070768        777.82016662906358        0.0000000000000000        8.9882059552320748E-003   2.4083826019790301E-003
   777.82016662906358        777.82016662906358        1444.3596667418728        0.0000000000000000       -1.7976411910464150E-002  -4.8167652039580603E-003
   0.0000000000000000        0.0000000000000000        0.0000000000000000        333.27456682160852        0.0000000000000000        0.0000000000000000     
   8.9882059552320748E-003   8.9882059552320748E-003  -1.7976411910464150E-002   0.0000000000000000        333.22425016123202       -1.3482308932848115E-002
   2.4083826019790301E-003   2.4083826019790301E-003  -4.8167652039580603E-003   0.0000000000000000       -1.3482308932848115E-002   333.27095424770556     
 Hypoelast_d entered
 strain:  -2.7777776780653812E-009  -2.7777776780653812E-009  -1.9444444643869237E-008   0.0000000000000000       -1.6666666965803857E-008  -6.2200845975556614E-008
 Svol:  -2.4999999999999999E-008
 Es   999.82370046482561     
 Et   999.64746246637526     
 Stress:  -2.1296949191074472E-005  -2.1296949191074472E-005  -3.2406101617851057E-005   0.0000000000000000       -5.5545762133882928E-006  -2.0729959998441223E-005
 D
   1444.3644835070768        777.81534986385964        777.82016662906358        0.0000000000000000        2.4083826019790301E-003   8.9882059552320748E-003
   777.81534986385964        1444.3644835070768        777.82016662906358        0.0000000000000000        2.4083826019790301E-003   8.9882059552320748E-003
   777.82016662906358        777.82016662906358        1444.3596667418728        0.0000000000000000       -4.8167652039580603E-003  -1.7976411910464150E-002
   0.0000000000000000        0.0000000000000000        0.0000000000000000        333.27456682160852        0.0000000000000000        0.0000000000000000     
   2.4083826019790301E-003   2.4083826019790301E-003  -4.8167652039580603E-003   0.0000000000000000        333.27095424770556       -1.3482308932848115E-002
   8.9882059552320748E-003   8.9882059552320748E-003  -1.7976411910464150E-002   0.0000000000000000       -1.3482308932848115E-002   333.22425016123202     
 Hypoelast_d entered
 strain:  -6.8447266357214432E-009  -6.8447266357214432E-009  -1.1310546728557113E-008   0.0000000000000000       -1.6666666965803857E-008  -1.6666666965803857E-008
 Svol:  -2.4999999999999999E-008
 Es   999.93669541882934     
 Et   999.87339877281511     
 Stress:  -2.4007658358674420E-005  -2.4007658358674420E-005  -2.6984683282651157E-005   0.0000000000000000       -5.5552039631440243E-006  -5.5552039631440243E-006
 D
   1444.4159878223788        777.79152420982598        777.79248796779507        0.0000000000000000        1.7983967975248498E-003   1.7983967975248498E-003
   777.79152420982598        1444.4159878223788        777.79248796779507        0.0000000000000000        1.7983967975248498E-003   1.7983967975248498E-003
   777.79248796779507        777.79248796779507        1444.4150240644099        0.0000000000000000       -3.5967935950496997E-003  -3.5967935950496997E-003
   0.0000000000000000        0.0000000000000000        0.0000000000000000        333.31223180627643        0.0000000000000000        0.0000000000000000     
   1.7983967975248498E-003   1.7983967975248498E-003  -3.5967935950496997E-003   0.0000000000000000        333.30216424425862       -1.0067562017825042E-002
   1.7983967975248498E-003   1.7983967975248498E-003  -3.5967935950496997E-003   0.0000000000000000       -1.0067562017825042E-002   333.30216424425862     
 Hypoelast_d entered
 strain:   1.2400281991852204E-008   1.2400281991852204E-008  -4.9800563983704407E-008   0.0000000000000000       -1.6666666965803857E-008  -1.6666666965803857E-008
 Svol:  -2.4999999999999999E-008
 Es   999.80172018079929     
 Et   999.60351819745540     
 Stress:  -1.1180330488208345E-005  -1.1180330488208345E-005  -5.2639339023583304E-005   0.0000000000000000       -5.5544541006970665E-006  -5.5544541006970665E-006
 D
   1444.3364387597867        777.80195863925371        777.86160260095960        0.0000000000000000        7.9907759346490269E-003   7.9907759346490269E-003
